           4           3           2           0           0           2
    0.000000E+00    0.000000E+00    0.000000E+00        2.700000
    0.000000E+00        1.600000        4.000000    0.000000E+00
        1.600000        6.700000    0.000000E+00        3.200000
           1           4
           1           2           1    0.000000E+00
           2           3           2      180.000000
           3           4           1    0.000000E+00
    2.979146E+07        1.200000    2.500000E-01
    2.979146E+07        1.200000    2.000000E-01
       23.467514
       16.550600
       23.467514
